# n_iter -- energy -- index_op 
0 	  -2.19636171 	 [1316, 1860, 188] 
1 	  -2.42194235 	 [620, 1036, 1316] 
2 	  -2.60113804 	 [1644, 1476, 188] 
3 	  -2.78088032 	 [1645, 1477, 189] 
4 	  -2.78410020 	 [14, 26, 24, 12, 1861] 
5 	  -2.79038127 	 [15, 27, 25, 13, 1860] 
6 	  -2.79309645 	 [33, 34, 41, 42, 195] 
7 	  -2.79891247 	 [32, 35, 40, 43, 192] 
8 	  -2.79897798 	 [4, 55, 1481, 948] 
9 	  -2.79905079 	 [5, 54, 1987, 760] 
10 	  -2.79905079 	 [820, 667, 1650] 
11 	  -2.79905081 	 [1986, 761, 570] 
12 	  -2.79905081 	 [884, 1813, 474] 
13 	  -2.79905084 	 [1433, 1088, 27, 13] 
14 	  -2.79905091 	 [1103, 357, 40, 34] 
15 	  -2.79905093 	 [1431, 986, 571] 
16 	  -2.79905096 	 [838, 1706, 569] 
17 	  -2.79905096 	 [1980, 801, 470] 
18 	  -2.79905096 	 [806, 1910, 502] 
19 	  -2.79905097 	 [1432, 982, 566] 
20 	  -2.79905100 	 [1434, 1085, 473] 
21 	  -2.79907230 	 [808, 712, 34, 40] 
22 	  -2.79915116 	 [25, 226, 1841, 35] 
23 	  -2.79915254 	 [137, 1554, 1738] 
24 	  -2.79964970 	 [821, 685, 26, 41] 
25 	  -2.79965279 	 [825, 686, 1626] 
26 	  -2.79965285 	 [1173, 1263, 564] 
27 	  -2.79965285 	 [948, 1831, 383] 
28 	  -2.79965285 	 [952, 1350, 732] 
29 	  -2.79965285 	 [900, 316, 2096] 
30 	  -2.79965285 	 [904, 356, 2020] 
31 	  -2.79965285 	 [1319, 195, 1862] 
32 	  -2.79965285 	 [99, 1954, 1657] 
33 	  -2.79965285 	 [786, 493, 1985] 
34 	  -2.79965285 	 [1171, 1237, 621] 
35 	  -2.79965285 	 [1167, 276, 1829] 
36 	  -2.79965285 	 [1873, 763, 654] 
37 	  -2.79965285 	 [1190, 1573, 387] 
38 	  -2.79965285 	 [741, 2022, 660] 
39 	  -2.79965285 	 [918, 1530, 610] 
40 	  -2.79965285 	 [127, 1364, 2034] 
41 	  -2.79965285 	 [1916, 333, 953] 
42 	  -2.79965285 	 [1281, 1009, 739] 
43 	  -2.79965285 	 [421, 1215, 1393] 
44 	  -2.79965285 	 [1026, 1343, 634] 
45 	  -2.79965285 	 [1418, 589, 987] 
46 	  -2.79965285 	 [1588, 1202, 345] 
47 	  -2.79965285 	 [709, 801, 1671] 
48 	  -2.79965285 	 [1219, 1609, 317] 
49 	  -2.79965285 	 [594, 1412, 985] 
50 	  -2.79965285 	 [205, 2077, 1220] 
51 	  -2.79965285 	 [2059, 1005, 283] 
52 	  -2.79965285 	 [440, 852, 1894] 
53 	  -2.79965285 	 [1867, 235, 1278] 
54 	  -2.79965285 	 [1977, 82, 1656] 
55 	  -2.79965285 	 [253, 1802, 1321] 
56 	  -2.79965285 	 [2080, 295, 944] 
57 	  -2.79965285 	 [1143, 1947, 265] 
58 	  -2.79965285 	 [1448, 1041, 503] 
59 	  -2.79965285 	 [78, 1898, 1704] 
60 	  -2.79965285 	 [2003, 299, 995] 
61 	  -2.79965285 	 [633, 2052, 744] 
62 	  -2.79965285 	 [1369, 2082, 115] 
63 	  -2.79965285 	 [1342, 1872, 179] 
64 	  -2.79965285 	 [798, 1781, 591] 
65 	  -2.79965285 	 [1922, 1473, 109] 
66 	  -2.79965285 	 [1119, 552, 1318] 
67 	  -2.79965285 	 [1943, 66, 1955] 
68 	  -2.79965285 	 [548, 1715, 853] 
69 	  -2.79965285 	 [1713, 1887, 81] 
70 	  -2.79965285 	 [1885, 930, 385] 
71 	  -2.79965285 	 [662, 946, 1407] 
72 	  -2.79965285 	 [1592, 663, 882] 
73 	  -2.79965285 	 [1563, 131, 1796] 
74 	  -2.79965285 	 [2093, 1574, 79] 
75 	  -2.79965285 	 [2060, 1222, 221] 
76 	  -2.79965285 	 [1813, 229, 1313] 
77 	  -2.79965285 	 [530, 1298, 1194] 
78 	  -2.79965285 	 [2023, 455, 781] 
79 	  -2.79965285 	 [346, 1861, 967] 
80 	  -2.79965285 	 [1690, 1377, 259] 
81 	  -2.79965285 	 [526, 1144, 1347] 
82 	  -2.79965285 	 [1729, 1839, 98] 
83 	  -2.79965285 	 [625, 1373, 992] 
84 	  -2.79965285 	 [931, 2064, 313] 
85 	  -2.79965285 	 [1365, 667, 981] 
86 	  -2.79965285 	 [153, 1293, 1996] 
87 	  -2.79965285 	 [1652, 1447, 206] 
88 	  -2.79965285 	 [1972, 1314, 152] 
89 	  -2.79965285 	 [1756, 175, 1391] 
90 	  -2.79965285 	 [262, 1909, 1179] 
91 	  -2.79965285 	 [262, 1909, 1179] 
92 	  -2.79965285 	 [1686, 1089, 341] 
93 	  -2.79965285 	 [1686, 1089, 341] 
94 	  -2.79965285 	 [1819, 1524, 124] 
95 	  -2.79965285 	 [1819, 1524, 124] 
96 	  -2.79965285 	 [1819, 1524, 124] 
97 	  -2.79965285 	 [1819, 1524, 124] 
98 	  -2.79965285 	 [1267, 1043, 714] 
99 	  -2.79965285 	 [1062, 1760, 320] 
100 	  -2.79965285 	 [278, 1116, 1891] 
101 	  -2.79965285 	 [1039, 372, 1685] 
102 	  -2.79965285 	 [1644, 225, 43, 24] 
103 	  -2.79965285 	 [1644, 225, 43, 24] 
104 	  -2.79965285 	 [1644, 225, 43, 24] 
105 	  -2.79965285 	 [1644, 225, 43, 24] 
106 	  -2.79965285 	 [1644, 225, 43, 24] 
107 	  -2.79965285 	 [468, 1864, 14, 24] 
108 	  -2.79965285 	 [468, 1864, 14, 24] 
109 	  -2.79965285 	 [468, 1864, 14, 24] 
110 	  -2.79965285 	 [468, 1864, 14, 24] 
111 	  -2.79965285 	 [468, 1864, 14, 24] 
112 	  -2.79965285 	 [468, 1864, 14, 24] 
113 	  -2.79965285 	 [468, 1864, 14, 24] 
114 	  -2.79965285 	 [468, 1864, 14, 24] 
115 	  -2.79965285 	 [468, 1864, 14, 24] 
116 	  -2.79965285 	 [468, 1864, 14, 24] 
117 	  -2.79965285 	 [468, 1864, 14, 24] 
118 	  -2.79965285 	 [468, 1864, 14, 24] 
119 	  -2.79965285 	 [468, 1864, 14, 24] 
120 	  -2.79965285 	 [468, 1864, 14, 24] 
121 	  -2.79965285 	 [468, 1864, 14, 24] 
122 	  -2.79965285 	 [468, 1864, 14, 24] 
123 	  -2.79965285 	 [468, 1864, 14, 24] 
124 	  -2.79965285 	 [468, 1864, 14, 24] 
125 	  -2.79965285 	 [468, 1864, 14, 24] 
126 	  -2.79965285 	 [1066, 425, 54, 32] 
127 	  -2.79965285 	 [1066, 425, 54, 32] 
128 	  -2.79965285 	 [1066, 425, 54, 32] 
129 	  -2.79965285 	 [1066, 425, 54, 32] 
130 	  -2.79965285 	 [1066, 425, 54, 32] 
131 	  -2.79965285 	 [1066, 425, 54, 32] 
132 	  -2.79965285 	 [1066, 425, 54, 32] 
133 	  -2.79965285 	 [1066, 425, 54, 32] 
134 	  -2.79965285 	 [1066, 425, 54, 32] 
135 	  -2.79965285 	 [1066, 425, 54, 32] 
136 	  -2.79965285 	 [1066, 425, 54, 32] 
137 	  -2.79965285 	 [1066, 425, 54, 32] 
138 	  -2.79965285 	 [1066, 425, 54, 32] 
139 	  -2.79965285 	 [1066, 425, 54, 32] 
140 	  -2.79965285 	 [1066, 425, 54, 32] 
141 	  -2.79965285 	 [1066, 425, 54, 32] 
142 	  -2.79965285 	 [1066, 425, 54, 32] 
143 	  -2.79965285 	 [1066, 425, 54, 32] 
144 	  -2.79965285 	 [1066, 425, 54, 32] 
145 	  -2.79965285 	 [1066, 425, 54, 32] 
146 	  -2.79965285 	 [1066, 425, 54, 32] 
147 	  -2.79965285 	 [1066, 425, 54, 32] 
148 	  -2.79965285 	 [1066, 425, 54, 32] 
149 	  -2.79965285 	 [1066, 425, 54, 32] 
150 	  -2.79965285 	 [1066, 425, 54, 32] 
151 	  -2.79965285 	 [1066, 425, 54, 32] 
152 	  -2.79965285 	 [1066, 425, 54, 32] 
153 	  -2.79965285 	 [1066, 425, 54, 32] 
154 	  -2.79965285 	 [1066, 425, 54, 32] 
155 	  -2.79965285 	 [1066, 425, 54, 32] 
156 	  -2.79965285 	 [1066, 425, 54, 32] 
157 	  -2.79965285 	 [1066, 425, 54, 32] 
158 	  -2.79965285 	 [375, 1042, 1684] 
159 	  -2.79965285 	 [375, 1042, 1684] 
160 	  -2.79965285 	 [375, 1042, 1684] 
161 	  -2.79965285 	 [375, 1042, 1684] 
162 	  -2.79965285 	 [375, 1042, 1684] 
163 	  -2.79965285 	 [375, 1042, 1684] 
164 	  -2.79965285 	 [375, 1042, 1684] 
165 	  -2.79965285 	 [375, 1042, 1684] 
166 	  -2.79965285 	 [375, 1042, 1684] 
167 	  -2.79965285 	 [375, 1042, 1684] 
168 	  -2.79965285 	 [375, 1042, 1684] 
169 	  -2.79965285 	 [375, 1042, 1684] 
170 	  -2.79965285 	 [1784, 54, 136, 25] 
171 	  -2.79965285 	 [1784, 95, 1798] 
172 	  -2.79965285 	 [442, 2066, 784] 
173 	  -2.79965285 	 [442, 2066, 784] 
174 	  -2.79965285 	 [442, 2066, 784] 
175 	  -2.79965285 	 [442, 2066, 784] 
176 	  -2.79965285 	 [442, 2066, 784] 
177 	  -2.79965285 	 [442, 2066, 784] 
178 	  -2.79965285 	 [442, 2066, 784] 
179 	  -2.79965285 	 [442, 2066, 784] 
180 	  -2.79965285 	 [442, 2066, 784] 
181 	  -2.79965285 	 [442, 2066, 784] 
182 	  -2.79965285 	 [442, 2066, 784] 
183 	  -2.79965285 	 [442, 2066, 784] 
184 	  -2.79965285 	 [442, 2066, 784] 
185 	  -2.79965285 	 [442, 2066, 784] 
186 	  -2.79965285 	 [442, 2066, 784] 
187 	  -2.79965285 	 [442, 2066, 784] 
188 	  -2.79965285 	 [442, 2066, 784] 
189 	  -2.79965285 	 [442, 2066, 784] 
190 	  -2.79965285 	 [442, 2066, 784] 
191 	  -2.79965285 	 [442, 2066, 784] 
192 	  -2.79965285 	 [442, 2066, 784] 
193 	  -2.79965285 	 [747, 631, 2058] 
194 	  -2.79965285 	 [747, 631, 2058] 
195 	  -2.79965285 	 [747, 631, 2058] 
196 	  -2.79965285 	 [747, 631, 2058] 
197 	  -2.79965285 	 [747, 631, 2058] 
198 	  -2.79965285 	 [747, 631, 2058] 
199 	  -2.79965285 	 [747, 631, 2058] 
