# n_iter -- energy -- index_op 
0 	  -2.17773891 	 [1316, 188, 1860] 
1 	  -2.42805659 	 [620, 1036, 1316] 
2 	  -2.60254469 	 [468, 836, 1861] 
3 	  -2.79858288 	 [469, 837, 1860] 
4 	  -2.79874808 	 [26, 14, 12, 24, 44, 46] 
5 	  -2.79904792 	 [15, 25, 27, 13, 1861] 
6 	  -2.79919650 	 [34, 33, 41, 42, 10, 9] 
7 	  -2.79948556 	 [35, 32, 40, 43, 195] 
8 	  -2.79948571 	 [1242, 706, 7, 52] 
9 	  -2.79948717 	 [1236, 700, 6, 53] 
10 	  -2.79948718 	 [398, 1167, 1479] 
11 	  -2.79948727 	 [400, 1164, 1480] 
12 	  -2.79948727 	 [492, 1984, 782] 
13 	  -2.79948727 	 [498, 1986, 785] 
14 	  -2.79948727 	 [1435, 1910, 124] 
15 	  -2.79948727 	 [1433, 1912, 131] 
16 	  -2.79948727 	 [1908, 822, 459] 
17 	  -2.79948727 	 [820, 1914, 457] 
18 	  -2.79948727 	 [493, 1429, 1058] 
19 	  -2.79948727 	 [1431, 496, 1057] 
20 	  -2.79948727 	 [49, 3, 50, 1, 46, 44] 
21 	  -2.79948727 	 [2, 51, 48, 0, 1864] 
22 	  -2.79948727 	 [59, 20, 22, 57, 8, 11] 
23 	  -2.79948727 	 [58, 21, 23, 56, 193] 
24 	  -2.79948727 	 [1356, 717, 953] 
25 	  -2.79948727 	 [1356, 717, 953] 
26 	  -2.79948727 	 [1361, 719, 952] 
27 	  -2.79948727 	 [1357, 723, 952] 
28 	  -2.79948727 	 [1357, 723, 952] 
29 	  -2.79948727 	 [1357, 723, 952] 
30 	  -2.79948727 	 [1357, 723, 952] 
31 	  -2.79948727 	 [1357, 723, 952] 
32 	  -2.79948727 	 [1357, 723, 952] 
33 	  -2.79948727 	 [1357, 723, 952] 
34 	  -2.79948727 	 [1357, 723, 952] 
35 	  -2.79948727 	 [1357, 723, 952] 
36 	  -2.79948727 	 [1357, 723, 952] 
37 	  -2.79948727 	 [1357, 723, 952] 
38 	  -2.79948727 	 [1357, 723, 952] 
39 	  -2.79948727 	 [1360, 721, 953] 
40 	  -2.79948727 	 [1360, 721, 953] 
41 	  -2.79948727 	 [1360, 721, 953] 
42 	  -2.79948727 	 [1360, 721, 953] 
43 	  -2.79948727 	 [1360, 721, 953] 
44 	  -2.79948727 	 [1360, 721, 953] 
45 	  -2.79948727 	 [1360, 721, 953] 
46 	  -2.79948727 	 [1360, 721, 953] 
47 	  -2.79948727 	 [1360, 721, 953] 
48 	  -2.79948727 	 [1360, 721, 953] 
49 	  -2.79948727 	 [1360, 721, 953] 
50 	  -2.79948727 	 [1360, 721, 953] 
51 	  -2.79948727 	 [1360, 721, 953] 
52 	  -2.79948727 	 [1360, 721, 953] 
53 	  -2.79948727 	 [1360, 721, 953] 
54 	  -2.79948727 	 [1360, 721, 953] 
55 	  -2.79948727 	 [1360, 721, 953] 
56 	  -2.79948727 	 [1360, 721, 953] 
57 	  -2.79948727 	 [1360, 721, 953] 
58 	  -2.79948727 	 [1360, 721, 953] 
59 	  -2.79948727 	 [1360, 721, 953] 
60 	  -2.79948727 	 [1360, 721, 953] 
61 	  -2.79948727 	 [1360, 721, 953] 
62 	  -2.79948727 	 [1360, 721, 953] 
63 	  -2.79948727 	 [1360, 721, 953] 
64 	  -2.79948727 	 [1360, 721, 953] 
65 	  -2.79948727 	 [1360, 721, 953] 
66 	  -2.79948727 	 [89, 1961, 41, 34] 
67 	  -2.79948727 	 [89, 1961, 41, 34] 
68 	  -2.79948727 	 [89, 1961, 41, 34] 
69 	  -2.79948727 	 [89, 1961, 41, 34] 
70 	  -2.79948727 	 [89, 1961, 41, 34] 
71 	  -2.79948727 	 [89, 1961, 41, 34] 
72 	  -2.79948727 	 [89, 1961, 41, 34] 
73 	  -2.79948727 	 [89, 1961, 41, 34] 
74 	  -2.79948727 	 [89, 1961, 41, 34] 
75 	  -2.79948727 	 [89, 1961, 41, 34] 
76 	  -2.79948727 	 [89, 1961, 41, 34] 
77 	  -2.79948727 	 [89, 1961, 41, 34] 
78 	  -2.79948727 	 [91, 1959, 1650] 
79 	  -2.79948727 	 [91, 1959, 1650] 
80 	  -2.79948727 	 [91, 1959, 1650] 
81 	  -2.79948727 	 [1963, 87, 1645] 
82 	  -2.79948727 	 [1963, 87, 1645] 
83 	  -2.79948727 	 [1963, 87, 1645] 
84 	  -2.79948727 	 [1963, 87, 1645] 
85 	  -2.79948727 	 [1963, 87, 1645] 
86 	  -2.79948727 	 [1963, 87, 1645] 
87 	  -2.79948727 	 [1963, 87, 1645] 
88 	  -2.79948727 	 [1963, 87, 1645] 
89 	  -2.79948727 	 [1963, 87, 1645] 
90 	  -2.79948727 	 [1494, 180, 1645] 
91 	  -2.79948727 	 [1494, 180, 1645] 
92 	  -2.79948727 	 [1494, 180, 1645] 
93 	  -2.79948727 	 [1494, 180, 1645] 
94 	  -2.79948727 	 [1494, 180, 1645] 
95 	  -2.79948727 	 [1494, 180, 1645] 
96 	  -2.79948727 	 [1494, 180, 1645] 
97 	  -2.79948727 	 [1494, 180, 1645] 
98 	  -2.79948727 	 [1494, 180, 1645] 
99 	  -2.79948727 	 [1494, 180, 1645] 
100 	  -2.79948727 	 [1494, 180, 1645] 
101 	  -2.79948727 	 [1494, 180, 1645] 
102 	  -2.79948727 	 [1494, 180, 1645] 
103 	  -2.79948727 	 [1494, 180, 1645] 
104 	  -2.79948727 	 [1494, 180, 1645] 
105 	  -2.79948727 	 [1494, 180, 1645] 
106 	  -2.79948727 	 [1494, 180, 1645] 
107 	  -2.79948727 	 [1494, 180, 1645] 
108 	  -2.79948727 	 [1494, 180, 1645] 
109 	  -2.79948727 	 [1494, 180, 1645] 
110 	  -2.79948727 	 [1494, 180, 1645] 
111 	  -2.79948727 	 [1494, 180, 1645] 
112 	  -2.79948727 	 [1494, 180, 1645] 
113 	  -2.79948727 	 [1494, 180, 1645] 
114 	  -2.79948727 	 [1494, 180, 1645] 
115 	  -2.79948727 	 [1494, 180, 1645] 
116 	  -2.79948727 	 [1495, 187, 1645] 
117 	  -2.79948727 	 [1495, 187, 1645] 
118 	  -2.79948727 	 [1495, 187, 1645] 
119 	  -2.79948727 	 [1495, 187, 1645] 
120 	  -2.79948727 	 [1495, 187, 1645] 
121 	  -2.79948727 	 [1495, 187, 1645] 
122 	  -2.79948727 	 [1495, 187, 1645] 
123 	  -2.79948727 	 [1495, 187, 1645] 
124 	  -2.79948727 	 [1495, 187, 1645] 
125 	  -2.79948727 	 [1495, 187, 1645] 
126 	  -2.79948727 	 [1495, 187, 1645] 
127 	  -2.79948727 	 [1495, 187, 1645] 
128 	  -2.79948727 	 [1495, 187, 1645] 
129 	  -2.79948727 	 [1495, 187, 1645] 
130 	  -2.79948727 	 [1495, 187, 1645] 
131 	  -2.79948727 	 [1495, 187, 1645] 
132 	  -2.79948727 	 [1495, 187, 1645] 
133 	  -2.79948727 	 [1495, 187, 1645] 
134 	  -2.79948727 	 [1495, 187, 1645] 
135 	  -2.79948727 	 [1495, 187, 1645] 
136 	  -2.79948727 	 [1495, 187, 1645] 
137 	  -2.79948727 	 [1495, 187, 1645] 
138 	  -2.79948727 	 [1495, 187, 1645] 
139 	  -2.79948727 	 [1495, 187, 1645] 
140 	  -2.79948727 	 [1495, 187, 1645] 
141 	  -2.79948727 	 [1495, 187, 1645] 
142 	  -2.79948727 	 [1495, 187, 1645] 
143 	  -2.79948727 	 [1495, 187, 1645] 
144 	  -2.79948727 	 [1495, 187, 1645] 
145 	  -2.79948727 	 [1495, 187, 1645] 
146 	  -2.79948727 	 [1495, 187, 1645] 
147 	  -2.79948727 	 [1495, 187, 1645] 
148 	  -2.79948727 	 [1495, 187, 1645] 
149 	  -2.79948727 	 [1495, 187, 1645] 
150 	  -2.79948727 	 [1495, 187, 1645] 
151 	  -2.79948727 	 [1495, 187, 1645] 
152 	  -2.79948727 	 [1495, 187, 1645] 
153 	  -2.79948727 	 [1495, 187, 1645] 
154 	  -2.79948727 	 [1495, 187, 1645] 
155 	  -2.79948727 	 [1495, 187, 1645] 
156 	  -2.79948727 	 [85, 1957, 35, 41] 
157 	  -2.79948727 	 [85, 1957, 35, 41] 
158 	  -2.79948727 	 [85, 1957, 35, 41] 
159 	  -2.79948727 	 [85, 1957, 35, 41] 
160 	  -2.79948727 	 [85, 1957, 35, 41] 
161 	  -2.79948727 	 [85, 1957, 35, 41] 
162 	  -2.79948727 	 [85, 1957, 35, 41] 
163 	  -2.79948727 	 [85, 1957, 35, 41] 
164 	  -2.79948727 	 [85, 1957, 35, 41] 
165 	  -2.79948727 	 [85, 1957, 35, 41] 
166 	  -2.79948727 	 [85, 1957, 35, 41] 
167 	  -2.79948727 	 [85, 1957, 35, 41] 
168 	  -2.79948727 	 [85, 1957, 35, 41] 
169 	  -2.79948727 	 [85, 1957, 35, 41] 
170 	  -2.79948727 	 [85, 1957, 35, 41] 
171 	  -2.79948727 	 [2020, 1238, 8, 11] 
172 	  -2.79948727 	 [2020, 1238, 8, 11] 
173 	  -2.79948727 	 [2020, 1238, 8, 11] 
174 	  -2.79948727 	 [2020, 1238, 8, 11] 
175 	  -2.79948727 	 [2020, 1238, 8, 11] 
176 	  -2.79948727 	 [2020, 1238, 8, 11] 
177 	  -2.79948727 	 [2020, 1238, 8, 11] 
178 	  -2.79948727 	 [2020, 1238, 8, 11] 
179 	  -2.79948727 	 [2020, 1238, 8, 11] 
180 	  -2.79948727 	 [2020, 1238, 8, 11] 
181 	  -2.79948727 	 [2020, 1238, 8, 11] 
182 	  -2.79948727 	 [2020, 1238, 8, 11] 
183 	  -2.79948727 	 [2020, 1238, 8, 11] 
184 	  -2.79948727 	 [2020, 1238, 8, 11] 
185 	  -2.79948727 	 [2020, 1238, 8, 11] 
186 	  -2.79948727 	 [2020, 1238, 8, 11] 
187 	  -2.79948727 	 [2020, 1238, 8, 11] 
188 	  -2.79948727 	 [2020, 1238, 8, 11] 
189 	  -2.79948727 	 [2020, 1238, 8, 11] 
190 	  -2.79948727 	 [2020, 1238, 8, 11] 
191 	  -2.79948727 	 [2020, 1238, 8, 11] 
192 	  -2.79948727 	 [2020, 1238, 8, 11] 
193 	  -2.79948727 	 [2020, 1238, 8, 11] 
194 	  -2.79948727 	 [2020, 1238, 8, 11] 
195 	  -2.79948727 	 [2020, 1238, 8, 11] 
196 	  -2.79948727 	 [2020, 1238, 8, 11] 
197 	  -2.79948727 	 [2020, 1238, 8, 11] 
198 	  -2.79948727 	 [2020, 1238, 8, 11] 
199 	  -2.79948727 	 [2020, 1238, 8, 11] 
