# n_iter -- energy -- index_op 
0 	  -2.79949033 	 [492, 16, 17, 6, 7] 
1 	  -2.79949057 	 [496, 13, 8, 14, 7] 
2 	  -2.79949083 	 [511, 3, 17, 8, 14] 
3 	  -2.79949090 	 [438, 9, 21, 14, 8] 
4 	  -2.79949103 	 [5, 26, 20, 15, 23, 0] 
5 	  -2.79949107 	 [2, 393, 17, 7, 28] 
6 	  -2.79949109 	 [12, 151, 7, 17, 28] 
7 	  -2.79949109 	 [308, 442, 14, 8] 
8 	  -2.79949109 	 [474, 283, 29, 0] 
9 	  -2.79949109 	 [322, 435, 29, 0] 
10 	  -2.79949109 	 [460, 378, 8, 9] 
11 	  -2.79949109 	 [375, 192, 28, 1] 
12 	  -2.79949109 	 [121, 227, 28, 29] 
13 	  -2.79949109 	 [401, 156, 7, 17] 
14 	  -2.79949109 	 [291, 401, 6, 15] 
15 	  -2.79949109 	 [522, 57, 16, 15] 
16 	  -2.79949109 	 [522, 57, 16, 15] 
17 	  -2.79949110 	 [65, 347, 19, 28] 
18 	  -2.79949112 	 [61, 25, 20, 359] 
19 	  -2.79949113 	 [261, 108, 27, 20] 
20 	  -2.79949114 	 [99, 267, 522] 
21 	  -2.79949114 	 [357, 22, 23, 5, 6] 
22 	  -2.79949114 	 [494, 71, 17, 14] 
23 	  -2.79949114 	 [271, 96, 24, 23] 
24 	  -2.79949114 	 [254, 109, 538] 
25 	  -2.79949114 	 [353, 162, 9, 24] 
26 	  -2.79949114 	 [545, 514, 31] 
27 	  -2.79949114 	 [49, 553, 17, 16] 
28 	  -2.79949114 	 [524, 265, 0, 23] 
29 	  -2.79949115 	 [509, 63, 14, 15] 
30 	  -2.79949115 	 [101, 446, 7, 24] 
31 	  -2.79949115 	 [294, 105, 21, 17] 
32 	  -2.79949115 	 [111, 306, 20, 15] 
33 	  -2.79949115 	 [216, 153, 555] 
34 	  -2.79949115 	 [345, 321, 6, 23] 
35 	  -2.79949115 	 [402, 137, 7, 20] 
36 	  -2.79949115 	 [284, 471, 0, 29] 
37 	  -2.79949115 	 [379, 274, 186] 
38 	  -2.79949115 	 [113, 264, 25, 18] 
39 	  -2.79949115 	 [363, 157, 9, 21] 
40 	  -2.79949115 	 [526, 84, 24, 3] 
41 	  -2.79949115 	 [507, 361, 67] 
42 	  -2.79949115 	 [230, 444, 4, 29] 
43 	  -2.79949115 	 [540, 93, 1, 27] 
44 	  -2.79949115 	 [145, 247, 492] 
45 	  -2.79949115 	 [245, 147, 492] 
46 	  -2.79949115 	 [77, 367, 492] 
47 	  -2.79949115 	 [326, 453, 0, 19] 
48 	  -2.79949115 	 [451, 328, 0, 19] 
49 	  -2.79949115 	 [542, 214, 162] 
50 	  -2.79949115 	 [301, 184, 355] 
51 	  -2.79949115 	 [299, 425, 127] 
52 	  -2.79949115 	 [503, 559, 31] 
53 	  -2.79949115 	 [365, 79, 19, 18] 
54 	  -2.79949115 	 [149, 243, 492] 
55 	  -2.79949115 	 [249, 498, 15, 4] 
56 	  -2.79949115 	 [455, 553, 0, 3] 
57 	  -2.79949115 	 [449, 427, 4, 3] 
58 	  -2.79949115 	 [143, 410, 286] 
59 	  -2.79949115 	 [423, 15, 306, 2] 
60 	  -2.79949115 	 [476, 240, 154] 
61 	  -2.79949116 	 [482, 421, 49] 
62 	  -2.79949119 	 [404, 13, 55, 26] 
63 	  -2.79949119 	 [82, 560, 22, 3] 
64 	  -2.79949119 	 [372, 326, 147] 
65 	  -2.79949120 	 [468, 10, 5, 194] 
66 	  -2.79949120 	 [478, 300, 97] 
67 	  -2.79949120 	 [133, 388, 317] 
68 	  -2.79949120 	 [480, 406, 51] 
69 	  -2.79949120 	 [172, 210, 29, 28] 
70 	  -2.79949127 	 [119, 238, 563] 
71 	  -2.79949127 	 [136, 296, 16, 19] 
72 	  -2.79949127 	 [436, 198, 12, 9] 
73 	  -2.79949127 	 [195, 271, 377] 
74 	  -2.79949127 	 [17, 395, 8, 292] 
75 	  -2.79949127 	 [47, 397, 20, 25] 
76 	  -2.79949127 	 [442, 402, 7, 6] 
77 	  -2.79949127 	 [378, 279, 179] 
78 	  -2.79949127 	 [382, 465, 73] 
79 	  -2.79949127 	 [412, 254, 184] 
80 	  -2.79949127 	 [39, 437, 25, 24] 
81 	  -2.79949127 	 [80, 323, 22, 27] 
82 	  -2.79949127 	 [212, 169, 544] 
83 	  -2.79949127 	 [391, 45, 19, 26] 
84 	  -2.79949128 	 [464, 37, 516] 
85 	  -2.79949128 	 [384, 264, 194] 
86 	  -2.79949128 	 [273, 114, 494] 
87 	  -2.79949128 	 [441, 228, 205] 
88 	  -2.79949128 	 [234, 128, 27, 22] 
89 	  -2.79949128 	 [242, 121, 23, 26] 
90 	  -2.79949128 	 [278, 400, 161] 
91 	  -2.79949128 	 [222, 139, 26, 23] 
92 	  -2.79949128 	 [122, 240, 24, 23] 
93 	  -2.79949128 	 [349, 297, 8, 27] 
94 	  -2.79949128 	 [475, 401, 54] 
95 	  -2.79949128 	 [409, 448, 62] 
96 	  -2.79949128 	 [86, 332, 495] 
97 	  -2.79949128 	 [84, 331, 497] 
98 	  -2.79949128 	 [109, 267, 23, 20] 
99 	  -2.79949128 	 [444, 107, 318] 
100 	  -2.79949128 	 [389, 256, 197] 
101 	  -2.79949128 	 [379, 130, 333] 
102 	  -2.79949128 	 [115, 460, 290] 
103 	  -2.79949128 	 [226, 483, 170] 
104 	  -2.79949128 	 [11, 380, 203, 9] 
105 	  -2.79949128 	 [236, 140, 21, 20] 
106 	  -2.79949128 	 [216, 151, 561] 
107 	  -2.79949128 	 [110, 251, 550] 
108 	  -2.79949128 	 [134, 229, 22, 27] 
109 	  -2.79949128 	 [214, 187, 510] 
110 	  -2.79949128 	 [142, 426, 3, 18] 
111 	  -2.79949128 	 [98, 265, 22, 29] 
112 	  -2.79949128 	 [260, 416, 27, 2] 
113 	  -2.79949128 	 [386, 458, 7, 6] 
114 	  -2.79949128 	 [355, 186, 299] 
115 	  -2.79949128 	 [276, 100, 27, 18] 
116 	  -2.79949128 	 [363, 326, 21, 2] 
117 	  -2.79949128 	 [138, 227, 22, 29] 
118 	  -2.79949128 	 [90, 270, 23, 28] 
119 	  -2.79949128 	 [277, 113, 493] 
120 	  -2.79949128 	 [365, 79, 493] 
121 	  -2.79949128 	 [345, 79, 24, 19] 
122 	  -2.79949128 	 [351, 77, 27, 18] 
123 	  -2.79949128 	 [351, 77, 27, 18] 
124 	  -2.79949128 	 [351, 77, 27, 18] 
125 	  -2.79949128 	 [351, 77, 27, 18] 
126 	  -2.79949128 	 [116, 484, 3, 18] 
127 	  -2.79949128 	 [116, 484, 3, 18] 
128 	  -2.79949128 	 [347, 182, 321] 
129 	  -2.79949128 	 [347, 182, 321] 
130 	  -2.79949128 	 [359, 61, 520] 
131 	  -2.79949128 	 [359, 315, 25, 2] 
132 	  -2.79949128 	 [104, 261, 526] 
133 	  -2.79949128 	 [112, 268, 20, 21] 
134 	  -2.79949128 	 [241, 456, 2, 29] 
135 	  -2.79949128 	 [361, 53, 26, 23] 
136 	  -2.79949128 	 [245, 127, 524] 
137 	  -2.79949128 	 [357, 55, 544] 
138 	  -2.79949128 	 [353, 5, 4, 528] 
139 	  -2.79949128 	 [255, 101, 552] 
140 	  -2.79949128 	 [131, 235, 522] 
141 	  -2.79949128 	 [367, 494, 71] 
142 	  -2.79949128 	 [93, 257, 562] 
143 	  -2.79949128 	 [102, 252, 25, 26] 
144 	  -2.79949128 	 [125, 14, 328, 19] 
145 	  -2.79949128 	 [223, 137, 543] 
146 	  -2.79949128 	 [99, 274, 516] 
147 	  -2.79949128 	 [92, 470, 5, 26] 
